symbol,code[google : hk : daily]
0033,0033
0117,0117
0264,0264
0724,0724
0773,0773
0897,0897
0911,0911
0913,0913
0917,0917
1082,1082
1087,1087
1103,1103
1175,1175
1246,1246
1265,1265
1371,1371
1803,1803
1808,1808
2808,2808
2811,2811
2818,2818
2832,2832
2842,2842
2970,2970
2974,2974
3002,3002
3008,3008
3032,3032
3041,3041
3051,3051
3095,3095
3100,3100
3107,3107
3118,3118
3120,3120
3127,3127
3128,3128
3132,3132
3136,3136
3137,3137
3139,3139
3180,3180
3188,3188
3199,3199
3333,3333
3938,3938
4222,4222
6199,6199
6210,6210
6230,6230
8002,8002
8020,8020
8103,8103
8107,8107
8133,8133
8146,8146
8179,8179
8180,8180
8195,8195
8209,8209
8219,8219
83081,83081
8309,8309
8312,8312
8320,8320
